image: map.pgm
resolution: 0.05
origin: [-2.7128705978393555, -7.365026950836182, 0.0]
negate: 0
occupied_thresh: 0.65
free_thresh: 0.196
